580
1E-06 0
0.087 0
0.08700000000000001 0.062
1E-06 0.062
1E-06 0.002
0.085 0.002
0.085 0.062
0.085 0
0.08700000000000001 0.002
0.042500500000000004 0.031999999999999994
0.085 0.00575
0.085 0.0095
0.08499999999999999 0.01325
0.085 0.017
0.085 0.02075
0.085 0.0245
0.085 0.02825
0.085 0.032
0.085 0.035750000000000004
0.085 0.0395
0.085 0.04325
0.085 0.047
0.08499999999999999 0.05075
0.085 0.0545
0.085 0.058249999999999996
0.0796875625 0.062
0.07437512500000001 0.062
0.0690626875 0.062
0.06375025 0.062
0.058437812500000005 0.062
0.053125375 0.062
0.0478129375 0.062
0.042500500000000004 0.062
0.03718806250000001 0.062
0.031875625 0.062
0.0265631875 0.062
0.021250750000000002 0.062
0.0159383125 0.062
0.010625875 0.062
0.0053134375000000005 0.062
0.0053134375000000005 0.002
0.010625875 0.002
0.0159383125 0.002
0.021250750000000002 0.002
0.0265631875 0.002
0.031875625 0.002
0.03718806250000001 0.002
0.042500500000000004 0.002
0.0478129375 0.002
0.053125375 0.002
0.058437812500000005 0.002
0.06375025 0.002
0.0690626875 0.002
0.07437512500000001 0.002
0.0796875625 0.002
1E-06 0.058249999999999996
1E-06 0.0545
1E-06 0.05075
1E-06 0.047
1E-06 0.04325
1E-06 0.0395
1E-06 0.035750000000000004
1E-06 0.032
1E-06 0.02825
1E-06 0.0245
1E-06 0.02075
1E-06 0.017
1E-06 0.01325
1E-06 0.0095
1E-06 0.00575
0.0053134375000000005 0
0.010625875 0
0.0159383125 0
0.021250750000000002 0
0.0265631875 0
0.031875625 0
0.03718806250000001 0
0.042500500000000004 0
0.0478129375 0
0.053125375 0
0.058437812500000005 0
0.06375025 0
0.0690626875 0
0.07437512500000001 0
0.0796875625 0
0.08700000000000001 0.00575
0.08700000000000001 0.0095
0.087 0.01325
0.08700000000000001 0.017
0.08700000000000001 0.02075
0.08700000000000001 0.0245
0.08700000000000001 0.02825
0.08700000000000001 0.032
0.08700000000000001 0.035750000000000004
0.08700000000000001 0.0395
0.08700000000000001 0.04325
0.08700000000000001 0.047
0.087 0.05075
0.08700000000000001 0.0545
0.08700000000000001 0.058249999999999996
0.0026572187500000003 0.060125
0.0053134375000000005 0.058249999999999996
0.007969656250000002 0.056375
0.010625875000000002 0.0545
0.013282093750000001 0.05262499999999999
0.015938312500000003 0.050749999999999997
0.01859453125 0.048875
0.021250750000000002 0.047
0.02390696875 0.045125
0.0265631875 0.04325
0.02921940625 0.041374999999999995
0.031875625000000005 0.03949999999999999
0.03453184375 0.03762499999999999
0.0371880625 0.03574999999999999
0.03984428125 0.033874999999999995
0.08234378125000001 0.060125
0.07968756250000002 0.058249999999999996
0.07703134375 0.056375
0.074375125 0.0545
0.07171890625 0.05262499999999999
0.06906268750000001 0.050749999999999997
0.06640646875 0.048875
0.06375025000000001 0.047
0.06109403125000001 0.045125
0.058437812500000005 0.04325
0.055781593750000004 0.041374999999999995
0.053125375 0.03949999999999999
0.05046915625 0.03762499999999999
0.047812937500000006 0.03574999999999999
0.04515671875 0.033874999999999995
0.03984428125 0.030124999999999996
0.0371880625 0.028249999999999994
0.03453184375 0.026374999999999996
0.031875625000000005 0.024499999999999994
0.02921940625 0.022624999999999996
0.0265631875 0.020749999999999998
0.02390696875 0.018874999999999996
0.021250750000000002 0.016999999999999998
0.01859453125 0.015124999999999996
0.015938312500000003 0.013249999999999996
0.013282093750000001 0.011374999999999998
0.010625875000000002 0.009499999999999998
0.007969656250000002 0.007624999999999998
0.0053134375000000005 0.005749999999999999
0.0026572187500000003 0.0038749999999999995
0.04515671875 0.030124999999999996
0.047812937500000006 0.028249999999999994
0.05046915625 0.026374999999999996
0.053125375 0.024499999999999994
0.055781593750000004 0.022624999999999996
0.058437812500000005 0.020749999999999998
0.06109403125000001 0.018874999999999996
0.06375025000000001 0.016999999999999998
0.06640646875 0.015124999999999996
0.06906268750000001 0.013249999999999996
0.07171890625 0.011374999999999998
0.074375125 0.009499999999999998
0.07703134375 0.007624999999999998
0.07968756250000002 0.005749999999999999
0.08234378125000001 0.0038749999999999995
0.047812937500000006 0.031999999999999994
0.05046915625000001 0.03387499999999999
0.05046915625000001 0.030124999999999992
0.053125375 0.03574999999999999
0.053125375 0.03199999999999999
0.053125375 0.028249999999999994
0.05578159374999999 0.03762499999999999
0.05578159375000001 0.03387499999999999
0.05578159375 0.030124999999999996
0.05578159375 0.026374999999999996
0.05843781249999999 0.03949999999999999
0.058437812500000005 0.03574999999999999
0.058437812500000005 0.031999999999999994
0.0584378125 0.028249999999999997
0.0584378125 0.0245
0.06109403125 0.041374999999999995
0.061094031250000014 0.03762499999999999
0.061094031250000014 0.033875
0.061094031250000014 0.030124999999999992
0.06109403125 0.026374999999999996
0.06109403125000001 0.022625
0.06375025000000001 0.04325
0.06375025000000001 0.0395
0.06375025000000001 0.03574999999999999
0.06375025000000001 0.032
0.06375025000000001 0.028249999999999997
0.06375025000000002 0.024499999999999994
0.06375025000000001 0.020749999999999998
0.06640646875 0.045125000000000005
0.06640646875 0.041375
0.06640646874999999 0.03762499999999999
0.06640646874999999 0.033875
0.06640646875 0.030124999999999996
0.06640646875 0.026375000000000003
0.06640646875 0.022625
0.06640646875 0.018874999999999996
0.06906268750000001 0.047
0.06906268750000001 0.04325
0.06906268750000001 0.0395
0.06906268750000001 0.03575
0.06906268750000003 0.032
0.06906268750000003 0.02825
0.06906268750000003 0.024499999999999994
0.06906268750000001 0.020749999999999998
0.06906268750000001 0.016999999999999998
0.07171890624999999 0.04887499999999998
0.07171890624999999 0.045124999999999985
0.07171890624999999 0.041374999999999995
0.07171890624999999 0.03762499999999999
0.07171890625 0.033875
0.07171890624999999 0.030125000000000006
0.07171890624999999 0.026374999999999996
0.07171890624999999 0.022625
0.07171890624999999 0.018875
0.07171890624999999 0.015125000000000005
0.074375125 0.05075
0.074375125 0.047
0.07437512499999999 0.04325
0.07437512499999999 0.0395
0.07437512499999999 0.035750000000000004
0.07437512499999999 0.032
0.07437512499999999 0.028250000000000004
0.074375125 0.0245
0.074375125 0.020749999999999998
0.074375125 0.017
0.074375125 0.013250000000000005
0.07703134375000002 0.052625
0.07703134375000001 0.04887500000000001
0.07703134375 0.045125
0.07703134375000001 0.041375
0.07703134375 0.037625000000000006
0.07703134374999998 0.033875
0.07703134375 0.03012500000000001
0.07703134375000001 0.026375000000000003
0.07703134375000001 0.022625
0.07703134375 0.018874999999999996
0.07703134375000001 0.015125000000000001
0.07703134375000001 0.011374999999999994
0.07968756250000002 0.0545
0.07968756250000002 0.050749999999999997
0.07968756250000002 0.047
0.07968756250000002 0.043250000000000004
0.07968756250000003 0.0395
0.07968756250000002 0.035750000000000004
0.07968756250000003 0.03200000000000001
0.07968756250000002 0.02825000000000001
0.07968756250000002 0.0245
0.07968756250000002 0.02075
0.07968756250000002 0.017000000000000005
0.07968756250000002 0.013250000000000007
0.07968756250000002 0.009499999999999996
0.08234378125000001 0.056375
0.08234378125000001 0.052625
0.08234378125000001 0.048875
0.08234378125 0.045125
0.08234378125000001 0.04137500000000001
0.08234378125000001 0.037625000000000006
0.08234378125000001 0.033875000000000016
0.08234378125000001 0.03012500000000001
0.08234378125000001 0.02637500000000001
0.08234378125000001 0.02262500000000001
0.08234378125000001 0.01887500000000001
0.08234378125000001 0.015125000000000003
0.08234378125000001 0.011374999999999998
0.08234378125000001 0.007624999999999998
0.042500500000000004 0.03574999999999999
0.03984428125 0.03762499999999999
0.045156718750000005 0.037625
0.03718806250000001 0.03949999999999999
0.04250050000000001 0.03949999999999999
0.047812937500000006 0.03949999999999999
0.034531843750000006 0.04137499999999999
0.03984428125 0.04137499999999999
0.045156718750000005 0.04137499999999999
0.05046915625 0.041374999999999995
0.031875625000000005 0.04324999999999999
0.03718806250000001 0.04325
0.042500500000000004 0.04325
0.0478129375 0.04325
0.053125374999999996 0.04324999999999999
0.029219406250000003 0.045125
0.03453184375 0.045125
0.039844281249999995 0.045125
0.045156718750000005 0.045125000000000005
0.050469156249999994 0.045125
0.05578159375000001 0.045125
0.0265631875 0.047
0.031875625000000005 0.047
0.03718806250000001 0.047
0.042500500000000004 0.047
0.047812937500000006 0.047
0.053125375 0.04700000000000001
0.058437812500000005 0.047
0.02390696875 0.048875
0.029219406250000003 0.048875
0.03453184375 0.048875
0.03984428125 0.048875
0.045156718750000005 0.048875
0.05046915625 0.048875
0.05578159375 0.048875
0.06109403125 0.048875
0.021250750000000002 0.05075
0.0265631875 0.050749999999999997
0.031875625 0.05075
0.03718806250000001 0.050749999999999997
0.042500500000000004 0.05075
0.047812937500000006 0.05075
0.053125375 0.050749999999999997
0.058437812500000005 0.05075
0.06375025000000002 0.050749999999999997
0.018594531250000004 0.05262499999999998
0.02390696875 0.05262499999999999
0.029219406250000003 0.05262499999999999
0.03453184375 0.052625
0.03984428125 0.05262499999999999
0.045156718750000005 0.05262499999999999
0.05046915625 0.05262499999999999
0.055781593750000004 0.05262499999999999
0.061094031249999986 0.05262499999999999
0.06640646874999999 0.052624999999999984
0.015938312500000003 0.0545
0.021250750000000002 0.0545
0.0265631875 0.0545
0.031875625000000005 0.0545
0.03718806250000001 0.0545
0.042500500000000004 0.0545
0.047812937500000006 0.0545
0.053125375 0.05449999999999999
0.058437812500000005 0.0545
0.06375025 0.0545
0.0690626875 0.05449999999999999
0.013282093750000005 0.056374999999999995
0.01859453125 0.056375
0.02390696875 0.056374999999999995
0.02921940625 0.05637500000000001
0.034531843750000006 0.056374999999999995
0.03984428125 0.056375
0.045156718750000005 0.056374999999999995
0.05046915625000001 0.056374999999999995
0.055781593750000004 0.056375
0.06109403125 0.056375
0.06640646875000002 0.056375
0.07171890625 0.056375
0.010625875 0.058249999999999996
0.0159383125 0.05825
0.02125075 0.05825
0.0265631875 0.05825
0.031875625 0.058249999999999996
0.037188062499999994 0.05824999999999999
0.042500500000000004 0.058249999999999996
0.047812937500000006 0.058249999999999996
0.05312537500000001 0.058249999999999996
0.05843781249999999 0.058249999999999996
0.06375025000000001 0.058249999999999996
0.06906268750000001 0.058249999999999996
0.07437512500000001 0.058249999999999996
0.00796965625 0.060125
0.013282093749999998 0.060125
0.01859453125 0.060125
0.02390696875 0.060125
0.029219406250000003 0.060125
0.03453184375 0.060125
0.03984428125 0.060125
0.045156718750000005 0.060125
0.05046915625 0.060125
0.055781593750000004 0.060125
0.06109403124999999 0.060125
0.06640646875 0.060125
0.07171890625000002 0.060125
0.07703134375000001 0.060125
0.042500500000000004 0.028249999999999994
0.04515671875000001 0.026374999999999996
0.03984428125 0.026374999999999996
0.047812937500000006 0.024499999999999994
0.042500500000000004 0.024499999999999994
0.03718806250000001 0.024499999999999994
0.05046915625000001 0.022625000000000003
0.045156718750000005 0.022625
0.039844281250000016 0.022625
0.03453184375000001 0.022625000000000003
0.053125375 0.020750000000000005
0.04781293750000001 0.020750000000000005
0.042500500000000004 0.020750000000000005
0.03718806250000001 0.020750000000000005
0.03187562500000002 0.020750000000000005
0.05578159375000001 0.018875
0.05046915625 0.018874999999999992
0.045156718750000005 0.01887499999999999
0.03984428125000001 0.01887499999999999
0.034531843750000006 0.018874999999999996
0.029219406250000003 0.018874999999999996
0.058437812500000005 0.016999999999999998
0.05312537500000001 0.016999999999999998
0.04781293750000001 0.016999999999999994
0.04250050000000001 0.016999999999999994
0.03718806250000001 0.016999999999999998
0.031875625000000005 0.016999999999999994
0.0265631875 0.016999999999999998
0.06109403125000001 0.015124999999999996
0.055781593750000004 0.015124999999999996
0.05046915625000001 0.015124999999999996
0.045156718750000005 0.015124999999999996
0.03984428125 0.015124999999999996
0.03453184375000001 0.015124999999999996
0.029219406250000007 0.015124999999999996
0.023906968750000004 0.015124999999999994
0.06375025000000001 0.013249999999999994
0.05843781250000001 0.013249999999999998
0.053125375 0.013249999999999994
0.047812937500000006 0.013249999999999998
0.042500500000000004 0.013249999999999994
0.03718806250000001 0.013249999999999996
0.031875625000000005 0.013249999999999994
0.02656318750000001 0.013249999999999998
0.021250749999999995 0.013249999999999996
0.06640646874999999 0.011375
0.06109403124999999 0.011375
0.05578159375 0.011375
0.05046915625 0.011375
0.045156718750000005 0.011374999999999998
0.039844281249999995 0.011375
0.03453184375 0.011375
0.029219406250000003 0.011375
0.023906968750000007 0.011375
0.01859453125000001 0.011375
0.0690626875 0.009499999999999998
0.06375025000000001 0.009500000000000001
0.058437812500000005 0.009499999999999998
0.05312537500000001 0.009499999999999998
0.047812937500000006 0.0095
0.042500500000000004 0.009499999999999998
0.03718806250000001 0.0095
0.03187562500000002 0.009500000000000001
0.026563187500000005 0.009500000000000001
0.021250750000000013 0.009500000000000001
0.015938312500000006 0.0095
0.07171890625000002 0.007624999999999998
0.06640646875000002 0.007624999999999996
0.06109403125000001 0.007624999999999997
0.05578159375 0.0076249999999999955
0.05046915625 0.007624999999999997
0.045156718750000005 0.007624999999999996
0.039844281250000016 0.007624999999999997
0.034531843750000006 0.007624999999999998
0.02921940625000001 0.007624999999999997
0.02390696875 0.007624999999999998
0.01859453125000001 0.007624999999999998
0.013282093749999998 0.007624999999999997
0.07437512500000001 0.005749999999999999
0.06906268750000003 0.005749999999999998
0.06375025000000001 0.005749999999999998
0.058437812500000005 0.005749999999999998
0.053125375 0.005749999999999998
0.0478129375 0.005749999999999998
0.042500500000000004 0.005749999999999998
0.037188062500000015 0.005749999999999998
0.031875625 0.005749999999999998
0.026563187500000005 0.005749999999999998
0.02125075000000001 0.005749999999999999
0.015938312500000006 0.005749999999999998
0.010625874999999998 0.005749999999999999
0.07703134375000001 0.0038749999999999995
0.07171890625000002 0.003874999999999999
0.06640646875 0.003874999999999999
0.061094031250000014 0.0038749999999999995
0.05578159375000001 0.003874999999999999
0.05046915625 0.003874999999999999
0.045156718750000005 0.003874999999999999
0.039844281250000016 0.003874999999999999
0.03453184375000001 0.003874999999999999
0.029219406250000017 0.0038749999999999995
0.023906968750000014 0.003874999999999999
0.018594531250000004 0.003874999999999999
0.013282093749999998 0.0038749999999999987
0.007969656249999998 0.0038749999999999995
0.0371880625 0.031999999999999994
0.03453184375 0.030124999999999992
0.03453184374999999 0.03387499999999999
0.031875625000000005 0.028249999999999994
0.031875625000000005 0.031999999999999994
0.031875625000000005 0.03574999999999999
0.029219406250000007 0.026375
0.029219406250000003 0.030124999999999992
0.029219406250000003 0.033874999999999995
0.029219406250000003 0.03762499999999999
0.026563187500000016 0.0245
0.02656318750000001 0.028249999999999997
0.0265631875 0.032
0.0265631875 0.03575
0.026563187500000016 0.03949999999999999
0.02390696875 0.022625
0.023906968750000004 0.026374999999999996
0.023906968749999986 0.030124999999999992
0.023906968749999993 0.033874999999999995
0.02390696875 0.037625
0.02390696875 0.041374999999999995
0.021250750000000002 0.020749999999999998
0.021250750000000006 0.024499999999999997
0.021250750000000002 0.02825
0.021250750000000006 0.032
0.021250750000000002 0.03575
0.021250750000000002 0.0395
0.021250750000000002 0.043250000000000004
0.018594531249999997 0.018874999999999996
0.01859453125 0.022624999999999996
0.01859453125 0.026374999999999996
0.018594531250000004 0.030124999999999996
0.018594531249999997 0.033875
0.018594531249999997 0.03762499999999999
0.018594531249999997 0.041375
0.01859453125 0.045125
0.015938312500000003 0.016999999999999998
0.015938312500000006 0.020749999999999998
0.0159383125 0.024499999999999994
0.015938312500000003 0.02825
0.015938312500000003 0.032
0.015938312500000003 0.03575
0.0159383125 0.03949999999999999
0.015938312500000006 0.04325
0.015938312500000003 0.04699999999999999
0.013282093750000003 0.015125
0.013282093750000003 0.018875
0.013282093750000005 0.022625
0.013282093750000003 0.026375
0.013282093750000003 0.030125
0.013282093750000003 0.033874999999999995
0.013282093750000001 0.037625
0.013282093750000001 0.041374999999999995
0.013282093750000003 0.04512499999999999
0.013282093750000003 0.048874999999999974
0.010625875000000005 0.01325
0.010625875000000005 0.017
0.010625875000000005 0.020749999999999998
0.010625875000000005 0.0245
0.010625875000000005 0.028250000000000004
0.010625875000000005 0.032
0.010625875000000005 0.03575000000000001
0.010625875000000005 0.03949999999999999
0.010625875000000005 0.043250000000000004
0.010625875000000005 0.04700000000000001
0.010625875000000007 0.050749999999999997
0.007969656250000002 0.011374999999999998
0.00796965625 0.015124999999999998
0.00796965625 0.018875
0.007969656250000002 0.022625000000000003
0.007969656250000002 0.026375000000000003
0.00796965625 0.030125000000000006
0.00796965625 0.033875
0.00796965625 0.037625
0.00796965625 0.041374999999999995
0.007969656250000002 0.045125000000000005
0.007969656250000002 0.04887500000000001
0.007969656250000002 0.052625
0.005313437499999999 0.009499999999999998
0.0053134375000000005 0.01325
0.0053134375000000005 0.016999999999999998
0.0053134375 0.020750000000000005
0.0053134375 0.0245
0.005313437499999999 0.028249999999999997
0.0053134375 0.03200000000000001
0.0053134375 0.035750000000000004
0.0053134375 0.0395
0.0053134375 0.04324999999999999
0.0053134375 0.047
0.005313437499999999 0.05074999999999999
0.005313437499999999 0.05449999999999999
0.00265721875 0.007625
0.00265721875 0.011375
0.00265721875 0.015125000000000001
0.00265721875 0.018875000000000003
0.0026572187499999994 0.022625000000000003
0.002657218749999999 0.026375000000000006
0.0026572187499999994 0.030125000000000002
0.002657218749999999 0.03387500000000001
0.00265721875 0.037625000000000006
0.00265721875 0.041374999999999995
0.00265721875 0.04512499999999999
0.00265721875 0.04887500000000001
0.0026572187500000003 0.052625
0.00265721875 0.056374999999999995