1090
2 8 9 2
8 9 6 2
24 23 99 2
23 99 98 2
100 25 3 2
25 3 7 2
25 24 100 2
24 100 99 2
14 13 89 2
13 89 88 2
15 14 90 2
14 90 89 2
16 15 91 2
15 91 90 2
17 16 92 2
16 92 91 2
18 17 93 2
17 93 92 2
19 18 94 2
18 94 93 2
20 19 95 2
19 95 94 2
21 20 96 2
20 96 95 2
22 21 97 2
21 97 96 2
23 22 98 2
22 98 97 2
11 86 6 2
86 6 9 2
12 11 87 2
11 87 86 2
13 12 88 2
12 88 87 2
130 161 129 3
161 129 162 3
161 146 130 3
146 130 10 3
146 161 147 3
161 147 163 3
129 162 128 3
162 128 164 3
161 163 162 3
163 162 165 3
147 163 148 3
163 148 166 3
128 164 127 3
164 127 167 3
162 165 164 3
165 164 168 3
163 166 165 3
166 165 169 3
148 166 149 3
166 149 170 3
127 167 126 3
167 126 171 3
164 168 167 3
168 167 172 3
165 169 168 3
169 168 173 3
166 170 169 3
170 169 174 3
149 170 150 3
170 150 175 3
126 171 125 3
171 125 176 3
167 172 171 3
172 171 177 3
168 173 172 3
173 172 178 3
169 174 173 3
174 173 179 3
170 175 174 3
175 174 180 3
150 175 151 3
175 151 181 3
125 176 124 3
176 124 182 3
171 177 176 3
177 176 183 3
172 178 177 3
178 177 184 3
173 179 178 3
179 178 185 3
174 180 179 3
180 179 186 3
175 181 180 3
181 180 187 3
151 181 152 3
181 152 188 3
124 182 123 3
182 123 189 3
176 183 182 3
183 182 190 3
177 184 183 3
184 183 191 3
178 185 184 3
185 184 192 3
179 186 185 3
186 185 193 3
180 187 186 3
187 186 194 3
181 188 187 3
188 187 195 3
152 188 153 3
188 153 196 3
123 189 122 3
189 122 197 3
182 190 189 3
190 189 198 3
183 191 190 3
191 190 199 3
184 192 191 3
192 191 200 3
185 193 192 3
193 192 201 3
186 194 193 3
194 193 202 3
187 195 194 3
195 194 203 3
188 196 195 3
196 195 204 3
153 196 154 3
196 154 205 3
122 197 121 3
197 121 206 3
189 198 197 3
198 197 207 3
190 199 198 3
199 198 208 3
191 200 199 3
200 199 209 3
192 201 200 3
201 200 210 3
193 202 201 3
202 201 211 3
194 203 202 3
203 202 212 3
195 204 203 3
204 203 213 3
196 205 204 3
205 204 214 3
154 205 155 3
205 155 215 3
121 206 120 3
206 120 216 3
197 207 206 3
207 206 217 3
198 208 207 3
208 207 218 3
199 209 208 3
209 208 219 3
200 210 209 3
210 209 220 3
201 211 210 3
211 210 221 3
202 212 211 3
212 211 222 3
203 213 212 3
213 212 223 3
204 214 213 3
214 213 224 3
205 215 214 3
215 214 225 3
155 215 156 3
215 156 226 3
120 216 119 3
216 119 227 3
206 217 216 3
217 216 228 3
207 218 217 3
218 217 229 3
208 219 218 3
219 218 230 3
209 220 219 3
220 219 231 3
210 221 220 3
221 220 232 3
211 222 221 3
222 221 233 3
212 223 222 3
223 222 234 3
213 224 223 3
224 223 235 3
214 225 224 3
225 224 236 3
215 226 225 3
226 225 237 3
156 226 157 3
226 157 238 3
119 227 118 3
227 118 239 3
216 228 227 3
228 227 240 3
217 229 228 3
229 228 241 3
218 230 229 3
230 229 242 3
219 231 230 3
231 230 243 3
220 232 231 3
232 231 244 3
221 233 232 3
233 232 245 3
222 234 233 3
234 233 246 3
223 235 234 3
235 234 247 3
224 236 235 3
236 235 248 3
225 237 236 3
237 236 249 3
226 238 237 3
238 237 250 3
157 238 158 3
238 158 251 3
118 239 117 3
239 117 252 3
227 240 239 3
240 239 253 3
228 241 240 3
241 240 254 3
229 242 241 3
242 241 255 3
230 243 242 3
243 242 256 3
231 244 243 3
244 243 257 3
232 245 244 3
245 244 258 3
233 246 245 3
246 245 259 3
234 247 246 3
247 246 260 3
235 248 247 3
248 247 261 3
236 249 248 3
249 248 262 3
237 250 249 3
250 249 263 3
238 251 250 3
251 250 264 3
158 251 159 3
251 159 265 3
117 252 116 3
252 116 25 3
239 253 252 3
253 252 24 3
240 254 253 3
254 253 23 3
241 255 254 3
255 254 22 3
242 256 255 3
256 255 21 3
243 257 256 3
257 256 20 3
244 258 257 3
258 257 19 3
245 259 258 3
259 258 18 3
246 260 259 3
260 259 17 3
247 261 260 3
261 260 16 3
248 262 261 3
262 261 15 3
249 263 262 3
263 262 14 3
250 264 263 3
264 263 13 3
251 265 264 3
265 264 12 3
159 265 160 3
265 160 11 3
116 7 25 3
252 25 24 3
253 24 23 3
254 23 22 3
255 22 21 3
256 21 20 3
257 20 19 3
258 19 18 3
259 18 17 3
260 17 16 3
261 16 15 3
262 15 14 3
263 14 13 3
264 13 12 3
265 12 11 3
160 11 6 3
266 267 115 3
267 115 114 3
130 10 266 3
10 266 115 3
266 268 130 3
268 130 129 3
267 269 114 3
269 114 113 3
268 270 266 3
270 266 267 3
268 271 129 3
271 129 128 3
269 272 113 3
272 113 112 3
270 273 267 3
273 267 269 3
271 274 268 3
274 268 270 3
271 275 128 3
275 128 127 3
272 276 112 3
276 112 111 3
273 277 269 3
277 269 272 3
274 278 270 3
278 270 273 3
275 279 271 3
279 271 274 3
275 280 127 3
280 127 126 3
276 281 111 3
281 111 110 3
277 282 272 3
282 272 276 3
278 283 273 3
283 273 277 3
279 284 274 3
284 274 278 3
280 285 275 3
285 275 279 3
280 286 126 3
286 126 125 3
281 287 110 3
287 110 109 3
282 288 276 3
288 276 281 3
283 289 277 3
289 277 282 3
284 290 278 3
290 278 283 3
285 291 279 3
291 279 284 3
286 292 280 3
292 280 285 3
286 293 125 3
293 125 124 3
287 294 109 3
294 109 108 3
288 295 281 3
295 281 287 3
289 296 282 3
296 282 288 3
290 297 283 3
297 283 289 3
291 298 284 3
298 284 290 3
292 299 285 3
299 285 291 3
293 300 286 3
300 286 292 3
293 301 124 3
301 124 123 3
294 302 108 3
302 108 107 3
295 303 287 3
303 287 294 3
296 304 288 3
304 288 295 3
297 305 289 3
305 289 296 3
298 306 290 3
306 290 297 3
299 307 291 3
307 291 298 3
300 308 292 3
308 292 299 3
301 309 293 3
309 293 300 3
301 310 123 3
310 123 122 3
302 311 107 3
311 107 106 3
303 312 294 3
312 294 302 3
304 313 295 3
313 295 303 3
305 314 296 3
314 296 304 3
306 315 297 3
315 297 305 3
307 316 298 3
316 298 306 3
308 317 299 3
317 299 307 3
309 318 300 3
318 300 308 3
310 319 301 3
319 301 309 3
310 320 122 3
320 122 121 3
311 321 106 3
321 106 105 3
312 322 302 3
322 302 311 3
313 323 303 3
323 303 312 3
314 324 304 3
324 304 313 3
315 325 305 3
325 305 314 3
316 326 306 3
326 306 315 3
317 327 307 3
327 307 316 3
318 328 308 3
328 308 317 3
319 329 309 3
329 309 318 3
320 330 310 3
330 310 319 3
320 331 121 3
331 121 120 3
321 332 105 3
332 105 104 3
322 333 311 3
333 311 321 3
323 334 312 3
334 312 322 3
324 335 313 3
335 313 323 3
325 336 314 3
336 314 324 3
326 337 315 3
337 315 325 3
327 338 316 3
338 316 326 3
328 339 317 3
339 317 327 3
329 340 318 3
340 318 328 3
330 341 319 3
341 319 329 3
331 342 320 3
342 320 330 3
331 343 120 3
343 120 119 3
332 344 104 3
344 104 103 3
333 345 321 3
345 321 332 3
334 346 322 3
346 322 333 3
335 347 323 3
347 323 334 3
336 348 324 3
348 324 335 3
337 349 325 3
349 325 336 3
338 350 326 3
350 326 337 3
339 351 327 3
351 327 338 3
340 352 328 3
352 328 339 3
341 353 329 3
353 329 340 3
342 354 330 3
354 330 341 3
343 355 331 3
355 331 342 3
343 356 119 3
356 119 118 3
344 357 103 3
357 103 102 3
345 358 332 3
358 332 344 3
346 359 333 3
359 333 345 3
347 360 334 3
360 334 346 3
348 361 335 3
361 335 347 3
349 362 336 3
362 336 348 3
350 363 337 3
363 337 349 3
351 364 338 3
364 338 350 3
352 365 339 3
365 339 351 3
353 366 340 3
366 340 352 3
354 367 341 3
367 341 353 3
355 368 342 3
368 342 354 3
356 369 343 3
369 343 355 3
356 370 118 3
370 118 117 3
357 102 40 3
102 40 101 3
358 344 39 3
344 39 357 3
359 345 38 3
345 38 358 3
360 346 37 3
346 37 359 3
361 347 36 3
347 36 360 3
362 348 35 3
348 35 361 3
363 349 34 3
349 34 362 3
364 350 33 3
350 33 363 3
365 351 32 3
351 32 364 3
366 352 31 3
352 31 365 3
367 353 30 3
353 30 366 3
368 354 29 3
354 29 367 3
369 355 28 3
355 28 368 3
370 356 27 3
356 27 369 3
370 117 26 3
117 26 116 3
101 4 40 3
357 40 39 3
358 39 38 3
359 38 37 3
360 37 36 3
361 36 35 3
362 35 34 3
363 34 33 3
364 33 32 3
365 32 31 3
366 31 30 3
367 30 29 3
368 29 28 3
369 28 27 3
370 27 26 3
116 26 7 3
8 85 6 2
85 6 55 2
54 84 55 2
84 55 85 2
53 83 54 2
83 54 84 2
52 82 53 2
82 53 83 2
51 81 52 2
81 52 82 2
50 80 51 2
80 51 81 2
49 79 50 2
79 50 80 2
48 78 49 2
78 49 79 2
47 77 48 2
77 48 78 2
46 76 47 2
76 47 77 2
45 75 46 2
75 46 76 2
44 74 45 2
74 45 75 2
43 73 44 2
73 44 74 2
42 72 43 2
72 43 73 2
41 71 42 2
71 42 72 2
5 1 41 2
1 41 71 2
371 372 146 3
372 146 147 3
131 10 371 3
10 371 146 3
371 373 131 3
373 131 132 3
372 374 147 3
374 147 148 3
373 375 371 3
375 371 372 3
373 376 132 3
376 132 133 3
374 377 148 3
377 148 149 3
375 378 372 3
378 372 374 3
376 379 373 3
379 373 375 3
376 380 133 3
380 133 134 3
377 381 149 3
381 149 150 3
378 382 374 3
382 374 377 3
379 383 375 3
383 375 378 3
380 384 376 3
384 376 379 3
380 385 134 3
385 134 135 3
381 386 150 3
386 150 151 3
382 387 377 3
387 377 381 3
383 388 378 3
388 378 382 3
384 389 379 3
389 379 383 3
385 390 380 3
390 380 384 3
385 391 135 3
391 135 136 3
386 392 151 3
392 151 152 3
387 393 381 3
393 381 386 3
388 394 382 3
394 382 387 3
389 395 383 3
395 383 388 3
390 396 384 3
396 384 389 3
391 397 385 3
397 385 390 3
391 398 136 3
398 136 137 3
392 399 152 3
399 152 153 3
393 400 386 3
400 386 392 3
394 401 387 3
401 387 393 3
395 402 388 3
402 388 394 3
396 403 389 3
403 389 395 3
397 404 390 3
404 390 396 3
398 405 391 3
405 391 397 3
398 406 137 3
406 137 138 3
399 407 153 3
407 153 154 3
400 408 392 3
408 392 399 3
401 409 393 3
409 393 400 3
402 410 394 3
410 394 401 3
403 411 395 3
411 395 402 3
404 412 396 3
412 396 403 3
405 413 397 3
413 397 404 3
406 414 398 3
414 398 405 3
406 415 138 3
415 138 139 3
407 416 154 3
416 154 155 3
408 417 399 3
417 399 407 3
409 418 400 3
418 400 408 3
410 419 401 3
419 401 409 3
411 420 402 3
420 402 410 3
412 421 403 3
421 403 411 3
413 422 404 3
422 404 412 3
414 423 405 3
423 405 413 3
415 424 406 3
424 406 414 3
415 425 139 3
425 139 140 3
416 426 155 3
426 155 156 3
417 427 407 3
427 407 416 3
418 428 408 3
428 408 417 3
419 429 409 3
429 409 418 3
420 430 410 3
430 410 419 3
421 431 411 3
431 411 420 3
422 432 412 3
432 412 421 3
423 433 413 3
433 413 422 3
424 434 414 3
434 414 423 3
425 435 415 3
435 415 424 3
425 436 140 3
436 140 141 3
426 437 156 3
437 156 157 3
427 438 416 3
438 416 426 3
428 439 417 3
439 417 427 3
429 440 418 3
440 418 428 3
430 441 419 3
441 419 429 3
431 442 420 3
442 420 430 3
432 443 421 3
443 421 431 3
433 444 422 3
444 422 432 3
434 445 423 3
445 423 433 3
435 446 424 3
446 424 434 3
436 447 425 3
447 425 435 3
436 448 141 3
448 141 142 3
437 449 157 3
449 157 158 3
438 450 426 3
450 426 437 3
439 451 427 3
451 427 438 3
440 452 428 3
452 428 439 3
441 453 429 3
453 429 440 3
442 454 430 3
454 430 441 3
443 455 431 3
455 431 442 3
444 456 432 3
456 432 443 3
445 457 433 3
457 433 444 3
446 458 434 3
458 434 445 3
447 459 435 3
459 435 446 3
448 460 436 3
460 436 447 3
448 461 142 3
461 142 143 3
449 462 158 3
462 158 159 3
450 463 437 3
463 437 449 3
451 464 438 3
464 438 450 3
452 465 439 3
465 439 451 3
453 466 440 3
466 440 452 3
454 467 441 3
467 441 453 3
455 468 442 3
468 442 454 3
456 469 443 3
469 443 455 3
457 470 444 3
470 444 456 3
458 471 445 3
471 445 457 3
459 472 446 3
472 446 458 3
460 473 447 3
473 447 459 3
461 474 448 3
474 448 460 3
461 475 143 3
475 143 144 3
462 159 55 3
159 55 160 3
463 449 54 3
449 54 462 3
464 450 53 3
450 53 463 3
465 451 52 3
451 52 464 3
466 452 51 3
452 51 465 3
467 453 50 3
453 50 466 3
468 454 49 3
454 49 467 3
469 455 48 3
455 48 468 3
470 456 47 3
456 47 469 3
471 457 46 3
457 46 470 3
472 458 45 3
458 45 471 3
473 459 44 3
459 44 472 3
474 460 43 3
460 43 473 3
475 461 42 3
461 42 474 3
475 144 41 3
144 41 145 3
160 6 55 3
462 55 54 3
463 54 53 3
464 53 52 3
465 52 51 3
466 51 50 3
467 50 49 3
468 49 48 3
469 48 47 3
470 47 46 3
471 46 45 3
472 45 44 3
473 44 43 3
474 43 42 3
475 42 41 3
145 41 5 3
131 476 132 3
476 132 477 3
476 115 131 3
115 131 10 3
115 476 114 3
476 114 478 3
132 477 133 3
477 133 479 3
476 478 477 3
478 477 480 3
114 478 113 3
478 113 481 3
133 479 134 3
479 134 482 3
477 480 479 3
480 479 483 3
478 481 480 3
481 480 484 3
113 481 112 3
481 112 485 3
134 482 135 3
482 135 486 3
479 483 482 3
483 482 487 3
480 484 483 3
484 483 488 3
481 485 484 3
485 484 489 3
112 485 111 3
485 111 490 3
135 486 136 3
486 136 491 3
482 487 486 3
487 486 492 3
483 488 487 3
488 487 493 3
484 489 488 3
489 488 494 3
485 490 489 3
490 489 495 3
111 490 110 3
490 110 496 3
136 491 137 3
491 137 497 3
486 492 491 3
492 491 498 3
487 493 492 3
493 492 499 3
488 494 493 3
494 493 500 3
489 495 494 3
495 494 501 3
490 496 495 3
496 495 502 3
110 496 109 3
496 109 503 3
137 497 138 3
497 138 504 3
491 498 497 3
498 497 505 3
492 499 498 3
499 498 506 3
493 500 499 3
500 499 507 3
494 501 500 3
501 500 508 3
495 502 501 3
502 501 509 3
496 503 502 3
503 502 510 3
109 503 108 3
503 108 511 3
138 504 139 3
504 139 512 3
497 505 504 3
505 504 513 3
498 506 505 3
506 505 514 3
499 507 506 3
507 506 515 3
500 508 507 3
508 507 516 3
501 509 508 3
509 508 517 3
502 510 509 3
510 509 518 3
503 511 510 3
511 510 519 3
108 511 107 3
511 107 520 3
139 512 140 3
512 140 521 3
504 513 512 3
513 512 522 3
505 514 513 3
514 513 523 3
506 515 514 3
515 514 524 3
507 516 515 3
516 515 525 3
508 517 516 3
517 516 526 3
509 518 517 3
518 517 527 3
510 519 518 3
519 518 528 3
511 520 519 3
520 519 529 3
107 520 106 3
520 106 530 3
140 521 141 3
521 141 531 3
512 522 521 3
522 521 532 3
513 523 522 3
523 522 533 3
514 524 523 3
524 523 534 3
515 525 524 3
525 524 535 3
516 526 525 3
526 525 536 3
517 527 526 3
527 526 537 3
518 528 527 3
528 527 538 3
519 529 528 3
529 528 539 3
520 530 529 3
530 529 540 3
106 530 105 3
530 105 541 3
141 531 142 3
531 142 542 3
521 532 531 3
532 531 543 3
522 533 532 3
533 532 544 3
523 534 533 3
534 533 545 3
524 535 534 3
535 534 546 3
525 536 535 3
536 535 547 3
526 537 536 3
537 536 548 3
527 538 537 3
538 537 549 3
528 539 538 3
539 538 550 3
529 540 539 3
540 539 551 3
530 541 540 3
541 540 552 3
105 541 104 3
541 104 553 3
142 542 143 3
542 143 554 3
531 543 542 3
543 542 555 3
532 544 543 3
544 543 556 3
533 545 544 3
545 544 557 3
534 546 545 3
546 545 558 3
535 547 546 3
547 546 559 3
536 548 547 3
548 547 560 3
537 549 548 3
549 548 561 3
538 550 549 3
550 549 562 3
539 551 550 3
551 550 563 3
540 552 551 3
552 551 564 3
541 553 552 3
553 552 565 3
104 553 103 3
553 103 566 3
143 554 144 3
554 144 567 3
542 555 554 3
555 554 568 3
543 556 555 3
556 555 569 3
544 557 556 3
557 556 570 3
545 558 557 3
558 557 571 3
546 559 558 3
559 558 572 3
547 560 559 3
560 559 573 3
548 561 560 3
561 560 574 3
549 562 561 3
562 561 575 3
550 563 562 3
563 562 576 3
551 564 563 3
564 563 577 3
552 565 564 3
565 564 578 3
553 566 565 3
566 565 579 3
103 566 102 3
566 102 580 3
144 567 145 3
567 145 70 3
554 568 567 3
568 567 69 3
555 569 568 3
569 568 68 3
556 570 569 3
570 569 67 3
557 571 570 3
571 570 66 3
558 572 571 3
572 571 65 3
559 573 572 3
573 572 64 3
560 574 573 3
574 573 63 3
561 575 574 3
575 574 62 3
562 576 575 3
576 575 61 3
563 577 576 3
577 576 60 3
564 578 577 3
578 577 59 3
565 579 578 3
579 578 58 3
566 580 579 3
580 579 57 3
102 580 101 3
580 101 56 3
145 5 70 3
567 70 69 3
568 69 68 3
569 68 67 3
570 67 66 3
571 66 65 3
572 65 64 3
573 64 63 3
574 63 62 3
575 62 61 3
576 61 60 3
577 60 59 3
578 59 58 3
579 58 57 3
580 57 56 3
101 56 4 3