4.05245e-54
1.11382e-54
1
1
5.17722e-54
5.16597e-54
5.15518e-54
0.00387972
0.0624747
0.316381
1
1
1
0.31638
0.0624746
0.00388054
0.00388035
0.00387988
0.0038797
0.0624745
0.0624744
0.0624746
0.31638
0.31638
0.316381
0.00391775
0.00391769
7.32079e-05
0.000732236
4.52791e-05
0.000762909
0.000744578
4.33231e-05
0.000761939
-3.53964e-55
-7.27832e-55
2.69304e-05
0.00391743
0.00391724
3.69351e-05
0.000761811
0.000749528
4.29295e-05
0.000761682
-4.92296e-55
-7.46498e-55
2.44225e-05
0.003917
0.00391693
3.66754e-05
0.000761566
0.00074919
4.26496e-05
0.000761654
-4.96721e-55
-7.49115e-55
2.41929e-05
0.00391694
0.00391694
3.73095e-05
0.000769735
0.000751361
1.28306e-05
0.00079147
-8.85076e-55
-5.13701e-55
1.89439e-05
0.0123382
0.0301332
0.0123465
0.0301342
0.0123281
0.0625119
0.0625119
0.0301036
0.0123684
0.0301159
0.0625117
0.0625116
0.012338
0.0301331
0.0301208
0.0123376
0.030133
0.0123254
0.0625117
0.0625117
0.0123376
0.0301331
0.0301207
0.0123373
0.0301332
0.0123251
0.0625119
0.0625119
0.0301414
0.0123383
0.030123
0.0123076
0.0301632
0.0123199
0.115781
0.197523
0.11579
0.197523
0.115771
0.316417
0.316417
0.197493
0.115811
0.197505
0.316417
0.316417
0.115781
0.197523
0.19751
0.115781
0.197523
0.115769
0.316417
0.316418
0.115781
0.197523
0.197511
0.115781
0.197524
0.115769
0.316418
0.316418
0.197532
0.115782
0.197514
0.115752
0.197554
0.115764
0.706061
0.482243
0.706056
0.482251
0.482233
0.706031
0.482273
1
1
0.706038
0.706062
0.482243
0.706055
0.482243
0.482231
1
1
0.706043
0.706062
0.482244
0.706056
0.482243
0.482231
1
1
0.706043
0.706092
0.482214
0.706064
0.482245
0.482226
1
1
0.706046